Bucket	WT	ilvG
8,985	0,00019329	0,00022457
8,955	0,00014704	0,00026296
8,925	0,00008028	0,00024874
8,895	0,00011733	0,00019038
8,865	0,00022397	0,00018922
8,835	0,00019356	0,00012911
8,805	0,00021724	0,00024267
8,775	0,00033427	0,00029764
8,745	0,00038571	0,00023613
8,715	0,0002848	0,0002065
8,685	0,00037786	0,00028628
8,655	0,00011302	0,00031798
8,625	0,00026313	0,00033599
8,595	0,00018938	0,00011809
8,565	0,00068453	0,00038861
8,535	0,00011605	0,00054744
8,505	0,00005135	0,00036659
8,475	0,00028007	0,00032356
8,445	0,13010146	0,00125624
8,415	0,00152536	0,00044866
8,385	0,00080475	0,00033911
8,355	0,00072073	0,00027193
8,325	0,00117421	0,00034601
8,295	0,00077885	0,00065847
8,265	0,00135949	0,00083762
8,235	0,00081894	0,00041677
8,205	0,00089276	0,00042688
8,175	0,00104318	0,00084169
8,145	0,00091399	0,00111614
8,115	0,00156551	0,00148222
8,085	0,00594746	0,00648392
8,055	0,01227012	0,01236934
8,025	0,00128459	0,00109494
7,995	0,0007608	0,00069723
7,965	0,00093831	0,00123716
7,935	0,00090843	0,00053743
7,905	0,0006524	0,00033076
7,875	0,00088964	0,00063779
7,845	0,00057521	0,00040608
7,815	0,00142599	0,00068042
7,785	0,00085601	0,00067808
7,755	0,00054195	0,00097812
7,725	0,0006143	0,00060573
7,695	0,00085033	0,00085383
7,665	0,00075261	0,00063157
7,635	0,00130894	0,00095563
7,605	0,0008515	0,00059817
7,575	0,00058325	0,00070968
7,545	0,00436805	0,00461426
7,515	0,00042684	0,00064349
7,485	0,00057585	0,00035067
7,455	0,00080299	0,00041111
7,425	0,00047708	0,00056101
7,395	0,0008297	0,0006396
7,365	0,00093354	0,0013581
7,335	0,00081054	0,00064567
7,305	0,00071517	0,00064334
7,275	0,00075449	0,00064381
7,245	0,00087754	0,00032568
7,215	0,00091265	0,0004359
7,185	0,00040006	0,00053442
7,155	0,0006327	0,00053727
7,125	0,00058319	0,00045144
7,095	0,00056435	0,00031149
7,065	0,00024862	0,00047688
7,035	0,00035306	0,00022679
7,005	0,00062269	0,00022261
6,975	0,00008939	0,00034821
6,945	0,00037277	0,00030951
6,915	0,00113948	0,00124245
6,885	0,00056067	0,00078207
6,855	0,00040313	0,0003696
6,825	0,00067627	0,00055601
6,795	0,00076599	0,00049792
6,765	0,00022701	0,00078361
6,735	0,00020793	0,00022409
6,705	0,00036253	0,00011501
6,675	0,00008186	0,00013388
6,645	0,00017262	0,00008402
6,615	0,00023471	0,00020385
6,585	0,00031751	0,00080534
6,555	0,0001215	0,00020684
6,525	0,00012783	0,00035627
6,495	0,000216	0,00012362
6,465	0,00122874	0,00105726
6,435	0,00215033	0,00115276
6,405	0,00017395	0,00024751
6,375	0,0001776	0,00021901
6,345	0,00005533	0,00057089
6,315	0,00024654	0,00048738
6,285	0,00000323	0,00019961
6,255	0,00064278	0,00002467
6,225	0,00045634	0,00013086
6,195	0,02582782	0,02750999
6,165	0,00009483	0,00006423
6,135	0,00002701	0,0000002
6,105	0	0,0000141
6,075	0,00003499	0,00005023
6,045	0,0002562	0,00064298
6,015	0,00049991	0,00102771
5,985	0,00000399	0,00011906
5,955	0,00028225	0,00085372
5,925	0,00018333	0,00045312
5,895	0,00000032	0,000034
5,865	0,00002078	0,00000478
5,835	0,0000372	0,00003642
5,805	0,00249258	0,00327543
5,775	0,00002804	0
5,745	0,00000705	0
5,715	0	0
5,685	0,0000002	0
5,655	0,00002431	0,00003284
5,625	0,00000796	0,00005199
5,595	0	0,00000251
5,565	0	0
5,535	0	0
5,505	0	0,00000944
5,475	0,00044714	0,00057087
5,445	0,01732887	0,01641143
5,415	0,00002559	0,00084138
5,385	0,00000272	0,00001739
5,355	0,00002419	0,00014176
5,325	0,00000483	0,00000638
5,295	0,00001789	0,00038983
5,265	0,00024713	0,00060698
5,235	0,0015978	0,00332259
5,205	0,00163502	0,00354249
5,175	0,00116675	0,00843919
5,145	0,02444085	0,01366513
5,115	0,03732428	0,02832478
5,085	0	0
5,055	0	0
5,025	0	0
4,995	0	0
4,965	0	0
4,935	0	0
4,905	0	0
4,875	0	0
4,845	0	0
4,815	0	0
4,785	0	0
4,755	0	0
4,725	0	0
4,695	0,00098024	0,00027398
4,665	0,00087787	0,00012431
4,635	0,00059354	0,00009331
4,605	0,00046885	0,00021499
4,575	0,0004546	0,00010303
4,545	0,00020421	0,00000414
4,515	0,00039125	0,00035879
4,485	0,00023671	0
4,455	0,00006218	0,00000127
4,425	0,00001187	0,0000378
4,395	0,00543168	0,00638834
4,365	0,00003913	0,00000615
4,335	0,00006471	0,00009289
4,305	0,000076	0,00004643
4,275	0,00086565	0,00028818
4,245	0,00828907	0,00644323
4,215	0,00377377	0,00265887
4,185	0,00125458	0,00137048
4,155	0,00222281	0,00204068
4,125	0,00841873	0,00718992
4,095	0,00152892	0,00105938
4,065	0,00060844	0,00043476
4,035	0,00941787	0,01018057
4,005	0,00253445	0,00236892
3,975	0,00188653	0,00166649
3,945	0,00193141	0,00196921
3,915	0,00255251	0,002489
3,885	0,02536907	0,0255508
3,855	0,00863487	0,00656214
3,825	0,00584537	0,00409442
3,795	0,01620563	0,00516883
3,765	0,00585006	0,0070304
3,735	0,00629053	0,00570647
3,705	0,0038062	0,00303241
3,675	0,11398851	0,11452517
3,645	0,02922602	0,02969637
3,615	0,00291124	0,00319015
3,585	0,00483791	0,00396766
3,555	0,00424709	0,00341405
3,525	0,00291471	0,00209424
3,495	0,00152829	0,00133306
3,465	0,00145536	0,00149177
3,435	0,0038331	0,00336527
3,405	0,00567138	0,00505511
3,375	0,01181525	0,01223839
3,345	0,0027751	0,00234949
3,315	0,00001093	0,00006168
3,285	0,00051594	0,00026787
3,255	0,00101078	0,00085429
3,225	0,00040348	0,00025567
3,195	0,01746896	0,0167541
3,165	0,00491247	0,00465704
3,135	0,00226155	0,00264519
3,105	0,00001239	0,00000301
3,075	0,00002134	0,00000594
3,045	0,00014216	0,00001265
3,015	0,00366655	0,00341169
2,985	0,00471196	0,00422924
2,955	0,00000836	0,0000105
2,925	0,00002524	0
2,895	0,00667845	0,0061921
2,865	0,00095299	0,001013
2,835	0,00009199	0,00004091
2,805	0,00517805	0,00472848
2,775	0,00320573	0,00276084
2,745	0,0001518	0,00031222
2,715	0,00612282	0,00596639
2,685	0,01535297	0,01264639
2,655	0,00383299	0,00307895
2,625	0,00034592	0,00019113
2,595	0,00200741	0,00212672
2,565	0,03946543	0,03580424
2,535	0,00261739	0,0015317
2,505	0,04140227	0,04203382
2,475	0,01102307	0,00969684
2,445	0,00693864	0,00538702
2,415	0,0006529	0,00109768
2,385	0,00043384	0,0004747
2,355	0,0006529	0,00221117
2,325	0,00059324	0,00086731
2,295	0,00234977	0,00219548
2,265	0,00113786	0,00106324
2,235	0,00529367	0,00560999
2,205	0,00691187	0,0030495
2,175	0,00881118	0,00514876
2,145	0,00325395	0,00465421
2,115	0,00188418	0,00391482
2,085	0,00298231	0,00371824
2,055	0,004443	0,00565322
2,025	0,02334203	0,0293963
1,995	0,00381433	0,00387602
1,965	0,00032832	0,00018968
1,935	0,34342584	0,26363355
1,905	0,00609441	0,00470448
1,875	0,00344738	0,00319657
1,845	0,00291369	0,00202669
1,815	0,00047127	0,0000867
1,785	0,00094989	0,00074047
1,755	0,00057517	0,00029697
1,725	0,00014837	0,00018044
1,695	0,0003689	0,00027921
1,665	0,00041643	0,00042838
1,635	0,00255512	0,00118207
1,605	0,00175654	0,00093574
1,575	0,00104943	0,00113236
1,545	0,00300306	0,00272913
1,515	0,00135603	0,00028582
1,485	0,0005144	0,0004542
1,455	0,00143593	0,00142522
1,425	0,00032821	0,00025538
1,395	0,00159642	0,00138501
1,365	0,00161493	0,00105364
1,335	0,0021268	0,00219078
1,305	0,0016969	0,00098872
1,275	0,00140289	0,00097874
1,245	0,03933275	0,00556071
1,215	0,04051255	0,00707901
1,185	0,24879545	0,25288502
1,155	0,00730498	0,00209828
1,125	0,00105751	0,00042868
1,095	0,0017316	0,00136305
1,065	0,01524984	0,00308717
1,035	0,00027802	0,0001962
1,005	0,00250047	0,00199871
0,975	0,00092444	0,00042917
0,945	0,00524413	0,00214858
0,915	0,01122629	0,00508644
0,885	0,00820396	0,00535806
0,855	0,00144677	0,00139695
0,825	0,00025435	0,00009108
0,795	0,00007169	0,00007892
0,765	0,00009095	0,00000475
0,735	0,00105741	0,00115554
0,705	0,00001753	0,00004238
0,675	0,00004167	0,00006772
0,645	0,00007474	0,00004647
0,615	0,00005122	0,000076
0,585	0,00000336	0,00007101
0,555	0,00003793	0,00012103
0,525	0,00000571	0,00002635
0,495	0,0000356	0,00003076
0,465	0,00010488	0,00016989
0,435	0,00005582	0,00006276
0,405	0,00004049	0,00003688
8,985	0,00023324	0,00012654
8,955	0,00015856	0,0001631
8,925	0,0001281	0,00013551
8,895	0,00039543	0,00034957
8,865	0,00038425	0,00029644
8,835	0,00016936	0,00028706
8,805	0,00026821	0,00023358
8,775	0,00009779	0,00025943
8,745	0,000178	0,00033729
8,715	0,00022071	0,00029876
8,685	0,00026935	0,00051155
8,655	0,00025184	0,00048616
8,625	0,00032944	0,00028129
8,595	0,00019751	0,00028506
8,565	0,00048246	0,00060394
8,535	0,00031331	0,00046457
8,505	0,00031741	0,00039412
8,475	0,00045297	0,00042487
8,445	0,00223745	0,00108228
8,415	0,0003551	0,00038164
8,385	0,00050494	0,00045575
8,355	0,00041097	0,00032657
8,325	0,00060397	0,00059009
8,295	0,00038907	0,00041609
8,265	0,00075958	0,00103934
8,235	0,00036954	0,00054771
8,205	0,00105068	0,00072094
8,175	0,00078954	0,00101356
8,145	0,00076864	0,00084034
8,115	0,00129841	0,00157922
8,085	0,00616252	0,00622897
8,055	0,01125884	0,01383207
8,025	0,00106737	0,00092977
7,995	0,00052731	0,00108239
7,965	0,00103203	0,00111841
7,935	0,00052997	0,00051686
7,905	0,00047753	0,00058281
7,875	0,00080493	0,00048726
7,845	0,0006015	0,0006557
7,815	0,00103804	0,00114609
7,785	0,00069718	0,00105289
7,755	0,00075474	0,00063349
7,725	0,00071186	0,00040568
7,695	0,00055565	0,00054748
7,665	0,00092145	0,00086885
7,635	0,00087153	0,00090071
7,605	0,00041555	0,00070941
7,575	0,00051739	0,00081102
7,545	0,00291483	0,00297295
7,515	0,00045903	0,0005899
7,485	0,00095526	0,0004113
7,455	0,00050801	0,00042583
7,425	0,0005591	0,00095909
7,395	0,00073063	0,00066734
7,365	0,00106607	0,00143022
7,335	0,00072638	0,00072807
7,305	0,00056792	0,00050519
7,275	0,00053439	0,00069475
7,245	0,00050644	0,00053004
7,215	0,00062094	0,00061269
7,185	0,00070374	0,00061238
7,155	0,00056807	0,00052004
7,125	0,00056736	0,00061228
7,095	0,00029117	0,00064573
7,065	0,00050712	0,00043669
7,035	0,00044724	0,0002626
7,005	0,00041912	0,00037828
6,975	0,00031141	0,00035005
6,945	0,00028053	0,00022993
6,915	0,00134677	0,00119982
6,885	0,00054678	0,00051733
6,855	0,00024496	0,00039453
6,825	0,00022863	0,00047366
6,795	0,00082792	0,00073701
6,765	0,00050734	0,00053884
6,735	0,00005384	0,00010419
6,705	0,0000709	0,00015526
6,675	0,00012923	0,00009267
6,645	0,00007732	0,00002559
6,615	0,00008598	0,00005115
6,585	0,00032212	0,0007529
6,555	0,00016384	0,00000893
6,525	0,00014115	0,00007255
6,495	0,00022869	0,00012672
6,465	0,00182	0,00105114
6,435	0,00214019	0,00078227
6,405	0,00056669	0,00008622
6,375	0,0000799	0,00001408
6,345	0,00008571	0,00019503
6,315	0,00013622	0,00027806
6,285	0,00006702	0,00000028
6,255	0,00029667	0,00009968
6,225	0,00016169	0,00005984
6,195	0,02977373	0,03173768
6,165	0,00011687	0,00000114
6,135	0,00006572	0
6,105	0,00001738	0,00000265
6,075	0,00004081	0,00001723
6,045	0,00029621	0,00047166
6,015	0,00046492	0,00072371
5,985	0,00017145	0,00007661
5,955	0,00045807	0,00061042
5,925	0,00026869	0,00042048
5,895	0	0
5,865	0,00001388	0
5,835	0,00000777	0,00000176
5,805	0,00137478	0,00159547
5,775	0,00003408	0
5,745	0	0
5,715	0	0
5,685	0,00000796	0
5,655	0,00008222	0
5,625	0,00014429	0,00000072
5,595	0,00003419	0
5,565	0,00000982	0
5,535	0,00010174	0
5,505	0	0
5,475	0,00048547	0,00009534
5,445	0,01638985	0,01576569
5,415	0,00026873	0,00005091
5,385	0,00000555	0
5,355	0,00019078	0
5,325	0,00070415	0
5,295	0,0006443	0
5,265	0,001686	0,00004957
5,235	0,0049758	0,00272714
5,205	0,00446177	0,00068419
5,175	0,00675776	0,00474239
5,145	0,01054757	0,00613309
5,115	0,02113215	0,02021926
5,085	0	0
5,055	0	0
5,025	0	0
4,995	0	0
4,965	0	0
4,935	0	0
4,905	0	0
4,875	0	0
4,845	0	0
4,815	0	0
4,785	0	0
4,755	0	0
4,725	0	0
4,695	0,0001277	0,00142399
4,665	0,00025757	0,00093091
4,635	0,00000278	0,00097086
4,605	0,00002476	0,00136866
4,575	0,00000741	0,00035784
4,545	0,00001117	0,00052602
4,515	0,00002015	0,00104893
4,485	0,00005986	0,00015839
4,455	0,0000079	0,00006909
4,425	0,00005019	0,00030573
4,395	0,00570288	0,00934626
4,365	0,00001455	0,00030623
4,335	0,00000673	0,0002842
4,305	0,0000795	0,00024404
4,275	0,00020096	0,00092192
4,245	0,00808569	0,0073469
4,215	0,00312744	0,00348092
4,185	0,0008737	0,00205004
4,155	0,00234521	0,00262408
4,125	0,00826444	0,00723563
4,095	0,00053976	0,00217275
4,065	0,00052977	0,00101109
4,035	0,00808732	0,01106
4,005	0,00225663	0,00289991
3,975	0,00158409	0,00260277
3,945	0,00213806	0,00261171
3,915	0,00200675	0,00299293
3,885	0,02442866	0,02543558
3,855	0,00808067	0,00662865
3,825	0,00575263	0,00388041
3,795	0,01578141	0,00557143
3,765	0,00547495	0,00769925
3,735	0,0052706	0,00663388
3,705	0,00236678	0,00343675
3,675	0,10419711	0,11304363
3,645	0,02660743	0,02917882
3,615	0,00260719	0,0026857
3,585	0,00445044	0,00467118
3,555	0,00353045	0,0035636
3,525	0,00268565	0,00271594
3,495	0,00162146	0,00181665
3,465	0,00150389	0,00141574
3,435	0,0036893	0,00382713
3,405	0,00539447	0,00530443
3,375	0,01130681	0,0126988
3,345	0,00241173	0,00222976
3,315	0,00002524	0,00002983
3,285	0,00022542	0,00028239
3,255	0,00093361	0,00075777
3,225	0,00019433	0,00031676
3,195	0,01657092	0,01665658
3,165	0,00436259	0,00486102
3,135	0,00178716	0,00271849
3,105	0,00001031	0,00004721
3,075	0,0000357	0,00001081
3,045	0,00004975	0,00004235
3,015	0,00425156	0,00295342
2,985	0,00549757	0,00372749
2,955	0,00011543	0,00000588
2,925	0,00002077	0,0000033
2,895	0,00637264	0,00618207
2,865	0,00103574	0,00085299
2,835	0,00007499	0,00003627
2,805	0,00612972	0,00449439
2,775	0,00338374	0,00272399
2,745	0,00020207	0,00043049
2,715	0,00564952	0,00656463
2,685	0,01415308	0,01495553
2,655	0,00372563	0,00317624
2,625	0,0003766	0,00023781
2,595	0,00199104	0,00218023
2,565	0,03441592	0,03548657
2,535	0,0011735	0,00126535
2,505	0,03985552	0,04254844
2,475	0,01149429	0,01069394
2,445	0,0077628	0,00666452
2,415	0,00091477	0,00038289
2,385	0,00071233	0,0004221
2,355	0,00046252	0,0017623
2,325	0,00070064	0,00101392
2,295	0,00238782	0,00197925
2,265	0,0011199	0,00110607
2,235	0,00579215	0,00588093
2,205	0,00658784	0,00276013
2,175	0,00873946	0,00463529
2,145	0,00364226	0,00457274
2,115	0,00195835	0,00363146
2,085	0,00330174	0,0032638
2,055	0,00468658	0,00551229
2,025	0,02530248	0,03350442
1,995	0,00490626	0,00584522
1,965	0,0005049	0,00063091
1,935	0,51863006	0,62666085
1,905	0,00778347	0,0094452
1,875	0,00318497	0,00373262
1,845	0,00369499	0,00444271
1,815	0,00024383	0,00014065
1,785	0,00108972	0,0004625
1,755	0,00067426	0,00029331
1,725	0,00034726	0,00013814
1,695	0,00040774	0,00023812
1,665	0,00087556	0,00047424
1,635	0,0024805	0,00094416
1,605	0,00168106	0,00075971
1,575	0,00122161	0,00125726
1,545	0,00359153	0,00287988
1,515	0,00161622	0,0004172
1,485	0,00075208	0,00049337
1,455	0,00220494	0,00164438
1,425	0,00041295	0,00047245
1,395	0,00128217	0,00184998
1,365	0,00088499	0,00109949
1,335	0,00187098	0,00191305
1,305	0,00142561	0,00129177
1,275	0,00118124	0,00113117
1,245	0,0400115	0,00506321
1,215	0,04087983	0,00614198
1,185	0,22607653	0,25448554
1,155	0,007524	0,00136575
1,125	0,00096302	0,00030855
1,095	0,00141423	0,00106515
1,065	0,01449662	0,00272963
1,035	0,00030028	0,00001527
1,005	0,00204205	0,00177124
0,975	0,00068012	0,00043661
0,945	0,00403321	0,00212404
0,915	0,01028037	0,00472504
0,885	0,00716098	0,00569218
0,855	0,00126347	0,00145696
0,825	0,00038589	0,00002642
0,795	0,00007295	0,00001472
0,765	0,00015555	0,00009168
0,735	0,00125103	0,00126935
0,705	0,00005893	0,00003912
0,675	0,00006049	0,00011807
0,645	0,00003203	0,0001407
0,615	0,00003643	0,00016708
0,585	0,00001548	0,00008958
0,555	0,00005559	0,00002066
0,525	0,00006506	0,00006689
0,495	0,00012159	0,00006049
0,465	0,00005139	0,00001387
0,435	0,00003232	0,00009352
0,405	0,00002841	0,0000758
8,985	0,00012018	0,00031546
8,955	0,0001633	0,00007267
8,925	0,00033398	0,00006932
8,895	0,00019916	0,00026725
8,865	0,0003219	0,0000451
8,835	0,00027928	0,00018022
8,805	0,00021369	0,00027895
8,775	0,00016402	0,00009181
8,745	0,00018299	0,00018053
8,715	0,0002978	0,00035247
8,685	0,00032115	0,00037137
8,655	0,00014563	0,00032695
8,625	0,00009788	0,00027393
8,595	0,00019536	0,00016561
8,565	0,00037061	0,00058062
8,535	0,0003897	0,00045467
8,505	0,00025928	0,00063233
8,475	0,00029876	0,0003519
8,445	0,00690406	0,00045883
8,415	0,0003168	0,00030836
8,385	0,00028174	0,00034177
8,355	0,00031229	0,00037
8,325	0,00034977	0,00036712
8,295	0,00047373	0,00038223
8,265	0,00068102	0,00084497
8,235	0,00045716	0,00046346
8,205	0,00084928	0,00068454
8,175	0,00062925	0,00081812
8,145	0,00064094	0,00100809
8,115	0,00101246	0,00131497
8,085	0,00576385	0,0059286
8,055	0,01192514	0,01215047
8,025	0,00095982	0,00093945
7,995	0,00063251	0,00070824
7,965	0,00121158	0,00159169
7,935	0,00078682	0,00054761
7,905	0,00063784	0,00056681
7,875	0,00069157	0,00074352
7,845	0,00059508	0,00064228
7,815	0,00079774	0,00138149
7,785	0,00076948	0,00127145
7,755	0,00079146	0,00057333
7,725	0,00048555	0,00055183
7,695	0,00046648	0,0006583
7,665	0,00092572	0,00060716
7,635	0,00123396	0,00074178
7,605	0,00062935	0,00047823
7,575	0,00012343	0,00057152
7,545	0,00262667	0,00470191
7,515	0,00058034	0,0005212
7,485	0,00030866	0,00066169
7,455	0,00050106	0,00079338
7,425	0,00095257	0,00084348
7,395	0,00073958	0,00071224
7,365	0,00114321	0,00159201
7,335	0,00031205	0,00084889
7,305	0,00078764	0,00069816
7,275	0,0006312	0,00061593
7,245	0,00035556	0,00046838
7,215	0,00049633	0,00049271
7,185	0,00043333	0,00074097
7,155	0,00060972	0,00077033
7,125	0,0006185	0,00062607
7,095	0,00053552	0,00063427
7,065	0,00049663	0,00067314
7,035	0,00042616	0,00040217
7,005	0,00041369	0,00034972
6,975	0,00031901	0,00063967
6,945	0,00037559	0,00032978
6,915	0,00130256	0,00152114
6,885	0,00049785	0,00061195
6,855	0,00033442	0,00057931
6,825	0,0004473	0,00060224
6,795	0,00088607	0,00085052
6,765	0,00068374	0,00136126
6,735	0,00029445	0,00029302
6,705	0,00031983	0,00048287
6,675	0,00031248	0,00015991
6,645	0,00028095	0,00023081
6,615	0,00011304	0,00027749
6,585	0,00078539	0,00073062
6,555	0,00009568	0,00016279
6,525	0,0002115	0,00011895
6,495	0,00042718	0,00017568
6,465	0,00196713	0,00110253
6,435	0,00247729	0,00138477
6,405	0,00086189	0,00010017
6,375	0,00027339	0,00014883
6,345	0,0003743	0,00015504
6,315	0,00039632	0,00039302
6,285	0,00009129	0,00003767
6,255	0,00004594	0,00026131
6,225	0,00016539	0,00010464
6,195	0,03277268	0,02617874
6,165	0,00012645	0,00017899
6,135	0,00007234	0,00006332
6,105	0,0001647	0,00000641
6,075	0,00005855	0,0000294
6,045	0,00036381	0,00030474
6,015	0,00041328	0,00082338
5,985	0,00043625	0,00016426
5,955	0,00052556	0,00079246
5,925	0,00022483	0,00029572
5,895	0,00003347	0
5,865	0,00004464	0,00001316
5,835	0,00007911	0,0000044
5,805	0,00174423	0,00300779
5,775	0,00000568	0
5,745	0	0
5,715	0,00000047	0
5,685	0,00002393	0,00003891
5,655	0,00007966	0,00000789
5,625	0,00088036	0,00009042
5,595	0,00001749	0
5,565	0,00000048	0,00000449
5,535	0,00000221	0
5,505	0,00001784	0
5,475	0,00127159	0,00067747
5,445	0,01734293	0,01466516
5,415	0,00070391	0,00008911
5,385	0,00017786	0,00005639
5,355	0,00015565	0
5,325	0,00039282	0
5,295	0,00050015	0,00031148
5,265	0,00132453	0,00014548
5,235	0,0039248	0,00240596
5,205	0,00519592	0,0016052
5,175	0,01040489	0,00441037
5,145	0,01185004	0,01606397
5,115	0,01902351	0,02629255
5,085	0	0
5,055	0	0
5,025	0	0
4,995	0	0
4,965	0	0
4,935	0	0
4,905	0	0
4,875	0	0
4,845	0	0
4,815	0	0
4,785	0	0
4,755	0	0
4,725	0	0
4,695	0,00015213	0,00064682
4,665	0,00000252	0,00023384
4,635	0	0,00007121
4,605	0,00000814	0,00040443
4,575	0,00008226	0,00047387
4,545	0,00023388	0,0000868
4,515	0,00001363	0,00073538
4,485	0	0,00005827
4,455	0,00000366	0,00006733
4,425	0	0,00014673
4,395	0,00503474	0,00745161
4,365	0,00001731	0,00023299
4,335	0	0,00035957
4,305	0	0,00001317
4,275	0,00029181	0,00035147
4,245	0,00903813	0,00659793
4,215	0,00324577	0,00333203
4,185	0,00035224	0,00151671
4,155	0,0022565	0,00186808
4,125	0,00893959	0,00546654
4,095	0,00073265	0,00134735
4,065	0,00032148	0,00066027
4,035	0,00821309	0,01092226
4,005	0,00224005	0,00242403
3,975	0,00127467	0,00188145
3,945	0,00123564	0,00240822
3,915	0,00182352	0,00239993
3,885	0,02478822	0,02501972
3,855	0,00815179	0,00684407
3,825	0,00543992	0,00504967
3,795	0,01533081	0,00594331
3,765	0,00478777	0,00793774
3,735	0,00498433	0,00603357
3,705	0,00248809	0,00297435
3,675	0,12350794	0,11830461
3,645	0,03096817	0,03086441
3,615	0,00305586	0,00332466
3,585	0,00494437	0,00478532
3,555	0,0037219	0,00412308
3,525	0,00306362	0,00241303
3,495	0,00175717	0,00198336
3,465	0,00177196	0,00205878
3,435	0,00340274	0,0039645
3,405	0,00553506	0,00533179
3,375	0,01203191	0,01525518
3,345	0,00267571	0,00271331
3,315	0,00003971	0,00000853
3,285	0,00022224	0,00039771
3,255	0,00089829	0,00098528
3,225	0,00040458	0,00055134
3,195	0,01676541	0,0165533
3,165	0,00458195	0,00477131
3,135	0,0020434	0,00295959
3,105	0,00005926	0,00004546
3,075	0,00004145	0,0000406
3,045	0,00011675	0,00006008
3,015	0,00462507	0,0026527
2,985	0,00557998	0,00326649
2,955	0,00002492	0,00003006
2,925	0,00002788	0,00002541
2,895	0,00614159	0,0064861
2,865	0,00088518	0,00091203
2,835	0,00023815	0,00028787
2,805	0,00661159	0,00313787
2,775	0,00371274	0,00213113
2,745	0,00045297	0,00041516
2,715	0,00576677	0,00621409
2,685	0,01525162	0,01334992
2,655	0,00461362	0,00318715
2,625	0,00029758	0,00036931
2,595	0,00216973	0,00238783
2,565	0,03577241	0,03593801
2,535	0,00162255	0,00254996
2,505	0,04101352	0,04131881
2,475	0,01263655	0,01022016
2,445	0,00887104	0,00641505
2,415	0,00093571	0,00097028
2,385	0,00062267	0,00048714
2,355	0,00064663	0,00242849
2,325	0,00061345	0,0010334
2,295	0,00266856	0,00241566
2,265	0,0013293	0,00135754
2,235	0,00607975	0,00595684
2,205	0,00671045	0,00313784
2,175	0,00868671	0,00568424
2,145	0,0036904	0,00494712
2,115	0,00246139	0,00383807
2,085	0,00264271	0,00467458
2,055	0,0048902	0,00757104
2,025	0,02682052	0,02967606
1,995	0,00429953	0,00278717
1,965	0,00048721	0,00023378
1,935	0,37831949	0,00912829
1,905	0,00594259	0,00100243
1,875	0,00290858	0,00280343
1,845	0,00307971	0,00075212
1,815	0,00058287	0,00016506
1,785	0,00104488	0,0007492
1,755	0,00052945	0,00040774
1,725	0,00044147	0,00015876
1,695	0,00036317	0,00019585
1,665	0,00043187	0,00044927
1,635	0,00223535	0,00114538
1,605	0,00139978	0,00113177
1,575	0,0013294	0,0011332
1,545	0,00378678	0,00276902
1,515	0,0014377	0,00034775
1,485	0,00074549	0,00043816
1,455	0,00194373	0,00147029
1,425	0,00052168	0,00023527
1,395	0,00194111	0,0017298
1,365	0,00124445	0,00170328
1,335	0,00186192	0,00260432
1,305	0,00132905	0,0010438
1,275	0,00125259	0,00153502
1,245	0,04084764	0,00506495
1,215	0,0420327	0,00624327
1,185	0,26554932	0,26345523
1,155	0,00776418	0,00169717
1,125	0,00111547	0,0004786
1,095	0,00184203	0,00102009
1,065	0,01416901	0,00267564
1,035	0,00021569	0,00025447
1,005	0,00238224	0,00177082
0,975	0,0007876	0,00031502
0,945	0,00468581	0,00204626
0,915	0,01097002	0,0051665
0,885	0,00836425	0,00563237
0,855	0,00186174	0,00143148
0,825	0,00015921	0,00004901
0,795	0,00010695	0,00006599
0,765	0,00016651	0,00017093
0,735	0,00135689	0,00130161
0,705	0,00012118	0,00005515
0,675	0,00002414	0,00006179
0,645	0,00005916	0,00004047
0,615	0,00004458	0,00002598
0,585	0,000163	0,00006898
0,555	0,00015181	0,00001273
0,525	0,00004209	0,000164
0,495	0,00012115	0,00002792
0,465	0,00004915	0,00012008
0,435	0,00005142	0,00013362
0,405	0,00006788	0,00008737
8,985	0,00037028	0,00026607
8,955	0,00038282	0,00007315
8,925	0,00030697	0,0001608
8,895	0,00027234	0,00018535
8,865	0,00040385	0,00019987
8,835	0,00038329	0,00022481
8,805	0,00023779	0,00024606
8,775	0,00032139	0,0002107
8,745	0,0002775	0,00033957
8,715	0,00028012	0,0002267
8,685	0,00025986	0,00017975
8,655	0,00039865	0,00027595
8,625	0,00050788	0,00018237
8,595	0,00046005	0,00042338
8,565	0,00053193	0,0005822
8,535	0,00048934	0,00021332
8,505	0,00035091	0,00025349
8,475	0,00037771	0,00059762
8,445	0,05817453	0,08339406
8,415	0,0011768	0,00079461
8,385	0,00062763	0,00047336
8,355	0,00059291	0,00065078
8,325	0,00117605	0,00129746
8,295	0,00081933	0,00048854
8,265	0,00156056	0,00076411
8,235	0,00078503	0,00065092
8,205	0,00087674	0,00042802
8,175	0,0012817	0,00080286
8,145	0,00140478	0,00143956
8,115	0,0013118	0,00116754
8,085	0,00640137	0,00599498
8,055	0,01131938	0,01099725
8,025	0,00121625	0,00099554
7,995	0,00067008	0,00080816
7,965	0,00104875	0,00071858
7,935	0,00090132	0,00046077
7,905	0,00081542	0,00069306
7,875	0,00117616	0,00077337
7,845	0,00060752	0,00053581
7,815	0,00142383	0,00102398
7,785	0,0009862	0,00092415
7,755	0,00082048	0,00064658
7,725	0,00098531	0,0004495
7,695	0,00082101	0,00048164
7,665	0,00111808	0,00065652
7,635	0,00100116	0,00086949
7,605	0,00100107	0,00075108
7,575	0,00073898	0,00059437
7,545	0,00303808	0,00788068
7,515	0,00088435	0,00070833
7,485	0,00081879	0,00056862
7,455	0,00050865	0,00071176
7,425	0,00120572	0,00082926
7,395	0,0008829	0,0006299
7,365	0,00120016	0,00172764
7,335	0,00104172	0,00077378
7,305	0,00118745	0,00083417
7,275	0,0011387	0,00099119
7,245	0,00077698	0,00055613
7,215	0,00062051	0,0005317
7,185	0,00047902	0,00049032
7,155	0,00059171	0,00035619
7,125	0,0009879	0,00056418
7,095	0,00076883	0,00059198
7,065	0,00063184	0,00060892
7,035	0,00064387	0,00047009
7,005	0,00075596	0,00043932
6,975	0,00056733	0,00032523
6,945	0,00071905	0,00041032
6,915	0,00135258	0,00160577
6,885	0,00060173	0,0005837
6,855	0,00066002	0,00051925
6,825	0,00080418	0,00054341
6,795	0,00059298	0,00049271
6,765	0,00113304	0,00123469
6,735	0,00052776	0,00026788
6,705	0,00050131	0,0002806
6,675	0,00021523	0,00018382
6,645	0,00018619	0,00020982
6,615	0,00019094	0,00018273
6,585	0,0007191	0,00044584
6,555	0,00019399	0,00020088
6,525	0,00065754	0,00018213
6,495	0,00049616	0,00040807
6,465	0,00150245	0,00086296
6,435	0,0017635	0,00094709
6,405	0,00040903	0,00042565
6,375	0,00034667	0,00018499
6,345	0,00027013	0,00015698
6,315	0,00032678	0,00017479
6,285	0,00034042	0,00022392
6,255	0,000312	0,00001661
6,225	0,00037295	0,00006188
6,195	0,02436041	0,02210526
6,165	0,00024355	0,0000365
6,135	0,00013725	0,00002842
6,105	0,00004344	0,00002532
6,075	0,00004548	0,00004941
6,045	0,00048806	0,0003076
6,015	0,00065071	0,00055161
5,985	0,00013352	0,00011473
5,955	0,00022726	0,00023135
5,925	0,00018894	0,00032168
5,895	0,00002565	0,0000065
5,865	0,00000681	0,00000668
5,835	0,00001148	0
5,805	0,00181161	0,00564784
5,775	0,00000135	0
5,745	0,00002067	0,00000477
5,715	0,00000163	0
5,685	0,00000118	0,0000074
5,655	0,000032	0,00001656
5,625	0,00000034	0,0000479
5,595	0,00001299	0,00000063
5,565	0,00044732	0,00023569
5,535	0,00081903	0,00039329
5,505	0,00061804	0,00018955
5,475	0,00047482	0,00031466
5,445	0,0116446	0,00739676
5,415	0,0005966	0,00034318
5,385	0,00067672	0,00059047
5,355	0,00029864	0,00012384
5,325	0,00045444	0,00031564
5,295	0,00072945	0,00043199
5,265	0,00034473	0,00050255
5,235	0,00362268	0,00068713
5,205	0,00104532	0,00037929
5,175	0,00056182	0,00100576
5,145	0,00078578	0,00052957
5,115	0,00061277	0,0008323
5,085	0	0
5,055	0	0
5,025	0	0
4,995	0	0
4,965	0	0
4,935	0	0
4,905	0	0
4,875	0	0
4,845	0	0
4,815	0	0
4,785	0	0
4,755	0	0
4,725	0	0
4,695	0,00011301	0,00019
4,665	0,00006556	0,00032664
4,635	0,00001718	0,00246974
4,605	0,00073572	0,00039755
4,575	0,00063484	0,00025156
4,545	0,00017905	0,00000792
4,515	0,00036603	0,0001653
4,485	0,00003391	0,00007138
4,455	0,00013748	0,00011363
4,425	0,00009168	0,00001332
4,395	0,00547642	0,00558949
4,365	0,00011907	0,00015062
4,335	0,00017235	0,00011637
4,305	0,00006394	0,00008787
4,275	0,00073297	0,00024711
4,245	0,0066934	0,00548141
4,215	0,00240118	0,00220447
4,185	0,00070076	0,00061893
4,155	0,00154163	0,00213796
4,125	0,00480146	0,00581584
4,095	0,00106968	0,00109713
4,065	0,00038437	0,00042246
4,035	0,00263113	0,00317968
4,005	0,00106035	0,00157057
3,975	0,00104834	0,00158426
3,945	0,00217568	0,0013007
3,915	0,00225658	0,00194917
3,885	0,02378964	0,02410783
3,855	0,00715518	0,00564705
3,825	0,00427493	0,00359529
3,795	0,01487716	0,00391025
3,765	0,00482147	0,00631652
3,735	0,00448384	0,00527904
3,705	0,00266867	0,00266245
3,675	0,06981801	0,08130751
3,645	0,01983628	0,02304167
3,615	0,00133975	0,00190722
3,585	0,00329865	0,00308858
3,555	0,00300877	0,00281232
3,525	0,00235215	0,00210891
3,495	0,0016392	0,00120187
3,465	0,00123488	0,00128555
3,435	0,00338669	0,00394037
3,405	0,00562046	0,00513153
3,375	0,0937873	0,16873228
3,345	0,00491797	0,0070389
3,315	0,0004991	0,00007883
3,285	0,000988	0,00104416
3,255	0,00064594	0,00045945
3,225	0,00045811	0,00059025
3,195	0,01583271	0,01662772
3,165	0,00486819	0,00506268
3,135	0,00214169	0,00259297
3,105	0,00012084	0,0000458
3,075	0,00016968	0,00002668
3,045	0,0000964	0,00003022
3,015	0,00265466	0,00246718
2,985	0,00295244	0,00330928
2,955	0,00008018	0,00007044
2,925	0,00021834	0,00000269
2,895	0,00638211	0,00630124
2,865	0,00109323	0,00128613
2,835	0,00029094	0,00005795
2,805	0,00344645	0,00358204
2,775	0,00196817	0,00226315
2,745	0,00027107	0,00031527
2,715	0,00561166	0,00530962
2,685	0,01260383	0,01200193
2,655	0,00314741	0,00288345
2,625	0,00034325	0,00038783
2,595	0,00116253	0,00155982
2,565	0,03534935	0,03611526
2,535	0,00152293	0,00226676
2,505	0,03981761	0,04001288
2,475	0,00908682	0,00842377
2,445	0,00656197	0,00590439
2,415	0,00125564	0,00111369
2,385	0,00042427	0,00029974
2,355	0,00073938	0,00054887
2,325	0,0007752	0,00064071
2,295	0,00232811	0,00203815
2,265	0,00084846	0,00137837
2,235	0,00348186	0,00362556
2,205	0,00422698	0,00098773
2,175	0,00728302	0,0036885
2,145	0,00358842	0,00422533
2,115	0,00234346	0,00173912
2,085	0,00285064	0,00353992
2,055	0,00513498	0,00702407
2,025	0,02637821	0,02433989
1,995	0,00447142	0,00283115
1,965	0,00036041	0,00033248
1,935	0,45914302	0,00248314
1,905	0,00819712	0,0006983
1,875	0,00310305	0,003394
1,845	0,00359202	0,00084202
1,815	0,00036073	0,00016893
1,785	0,00096784	0,00029302
1,755	0,00072217	0,00020985
1,725	0,00032081	0,00020185
1,695	0,00037552	0,00025633
1,665	0,00056784	0,0002833
1,635	0,00198612	0,00083892
1,605	0,00161996	0,00044556
1,575	0,00076226	0,00098552
1,545	0,00191993	0,00186877
1,515	0,00136042	0,00027251
1,485	0,0007611	0,00043954
1,455	0,00188017	0,00117014
1,425	0,0004253	0,00041789
1,395	0,00173052	0,0016061
1,365	0,00101066	0,00087223
1,335	0,00129105	0,00181174
1,305	0,00084993	0,00096079
1,275	0,00059109	0,00133786
1,245	0,03755823	0,0032999
1,215	0,03841161	0,00439879
1,185	0,13260529	0,15639423
1,155	0,00670035	0,00072862
1,125	0,00057329	0,00036331
1,095	0,00102359	0,00079376
1,065	0,0116395	0,00068479
1,035	0,00072907	0,00021133
1,005	0,00078956	0,00095578
0,975	0,00085657	0,00082657
0,945	0,00410212	0,00222329
0,915	0,00947975	0,00449487
0,885	0,0062394	0,0049962
0,855	0,00167496	0,00135294
0,825	0,00016892	0,00009815
0,795	0,00029732	0,00007082
0,765	0,00028999	0,00004448
0,735	0,00137959	0,00134389
0,705	0,00018817	0,00006521
0,675	0,00018724	0,00005968
0,645	0,00008155	0,00004634
0,615	0,00019712	0,00006114
0,585	0,00028105	0,00019366
0,555	0,00011636	0,0000893
0,525	0,00018842	0,00001694
0,495	0,00011936	0,0000936
0,465	0,00022546	0,00002058
0,435	0,00015796	0,00011798
0,405	0,00008549	0,00005354
8,985	0,00035591	0,00041091
8,955	0,00042535	0,00041208
8,925	0,00023014	0,00043193
8,895	0,00052915	0,0001981
8,865	0,00029302	0,00026331
8,835	0,00038862	0,00046313
8,805	0,00041011	0,00038482
8,775	0,00036269	0,00036946
8,745	0,0003082	0,0003896
8,715	0,00043635	0,00023687
8,685	0,00026495	0,00042112
8,655	0,00045526	0,00053113
8,625	0,00048407	0,00034043
8,595	0,00028513	0,00071434
8,565	0,00080038	0,00067277
8,535	0,00042653	0,00044807
8,505	0,00039685	0,0002883
8,475	0,00088859	0,00035017
8,445	0,07100888	0,0738834
8,415	0,00092661	0,0010361
8,385	0,00056684	0,00114085
8,355	0,00095058	0,00108129
8,325	0,00121747	0,00086287
8,295	0,00135279	0,00055118
8,265	0,00103238	0,0011002
8,235	0,00090142	0,00052216
8,205	0,00151206	0,00069453
8,175	0,00135582	0,00122778
8,145	0,00152927	0,00155659
8,115	0,00157905	0,00162821
8,085	0,0056955	0,00605352
8,055	0,01198491	0,01182266
8,025	0,00112224	0,00137109
7,995	0,00085497	0,00104469
7,965	0,00133182	0,00111811
7,935	0,00081595	0,00058825
7,905	0,0007511	0,00084551
7,875	0,00064962	0,00081964
7,845	0,00078051	0,00078978
7,815	0,00114622	0,00077051
7,785	0,00107084	0,00115501
7,755	0,00056002	0,00065095
7,725	0,00100106	0,0007093
7,695	0,00066139	0,00073822
7,665	0,00089179	0,00067045
7,635	0,00080069	0,00094263
7,605	0,00091172	0,00121086
7,575	0,00056706	0,00075857
7,545	0,0024395	0,00609994
7,515	0,00048123	0,00069723
7,485	0,00093268	0,00084799
7,455	0,00083842	0,00089281
7,425	0,00077243	0,00076691
7,395	0,00063504	0,00124112
7,365	0,00104975	0,00157036
7,335	0,00063989	0,00112131
7,305	0,00052275	0,00132288
7,275	0,00083185	0,00102569
7,245	0,00070186	0,00062482
7,215	0,00071511	0,00077149
7,185	0,00063191	0,00076245
7,155	0,0008616	0,00051527
7,125	0,0009345	0,00071156
7,095	0,00068245	0,00049315
7,065	0,0004896	0,00078464
7,035	0,00049058	0,00058658
7,005	0,00028143	0,0006395
6,975	0,00077651	0,0004975
6,945	0,00043312	0,00077786
6,915	0,00120302	0,00145682
6,885	0,00039653	0,00074243
6,855	0,00030562	0,00104458
6,825	0,00063044	0,00078147
6,795	0,00079358	0,00074782
6,765	0,00062281	0,00086963
6,735	0,00029718	0,00039485
6,705	0,00033984	0,00022995
6,675	0,00043457	0,00033605
6,645	0,00033613	0,00020995
6,615	0,0003172	0,00028274
6,585	0,00042319	0,00053435
6,555	0,00010286	0,00032585
6,525	0,00039518	0,00015586
6,495	0,00036921	0,00032198
6,465	0,00151491	0,00092956
6,435	0,00221919	0,00088612
6,405	0,00041104	0,00042816
6,375	0,00038685	0,00046936
6,345	0,00019223	0,00021389
6,315	0,00054327	0,00007996
6,285	0,00011983	0,00008548
6,255	0,00029697	0,00012928
6,225	0,00031329	0,00021983
6,195	0,02741488	0,02197099
6,165	0,00012027	0,00017628
6,135	0,00007194	0,00008043
6,105	0,00004309	0,0000162
6,075	0,0000716	0,00017269
6,045	0,00013921	0,00021624
6,015	0,0004275	0,00065791
5,985	0,00032954	0,00007518
5,955	0,00040008	0,00059646
5,925	0,00011756	0,00041398
5,895	0,0000323	0,0000699
5,865	0,00001722	0,00003211
5,835	0,0001603	0,00008127
5,805	0,00143063	0,00443134
5,775	0,00007595	0,00000794
5,745	0,00002879	0
5,715	0,00001127	0,00000682
5,685	0,00007029	0,00006278
5,655	0,00036247	0,00004065
5,625	0,00035891	0,00003417
5,595	0,00007172	0,00001047
5,565	0,00024587	0,00023907
5,535	0,00029219	0,00057391
5,505	0,00035969	0,00011659
5,475	0,00013166	0,00036776
5,445	0,01039522	0,00913836
5,415	0,00037173	0,00029697
5,385	0,00117569	0,00065792
5,355	0,00034284	0,00081279
5,325	0,00057545	0,00163548
5,295	0,00062185	0,00054892
5,265	0,00058408	0,00060939
5,235	0,00175466	0,00127531
5,205	0,00062417	0,00031549
5,175	0,00034273	0,00105953
5,145	0,0007306	0,00062001
5,115	0,00097148	0,00059099
5,085	0	0
5,055	0	0
5,025	0	0
4,995	0	0
4,965	0	0
4,935	0	0
4,905	0	0
4,875	0	0
4,845	0	0
4,815	0	0
4,785	0	0
4,755	0	0
4,725	0	0
4,695	0,00034291	0,00017987
4,665	0,00160598	0,00038834
4,635	0,00344887	0,00031495
4,605	0,00042476	0,00048802
4,575	0,00022443	0,00044963
4,545	0,00002607	0,00014477
4,515	0,0000916	0,00032131
4,485	0	0,00001465
4,455	0,00003476	0,00012377
4,425	0	0,00004547
4,395	0,0043583	0,00492559
4,365	0,00001025	0,00009381
4,335	0,00010266	0,00010686
4,305	0,00002671	0,00005659
4,275	0,00039421	0,00033058
4,245	0,00685606	0,00550607
4,215	0,00264294	0,00232232
4,185	0,00037888	0,00060673
4,155	0,0017266	0,00222243
4,125	0,00472993	0,00627777
4,095	0,00084734	0,00083453
4,065	0,00020115	0,00079042
4,035	0,00266009	0,00360797
4,005	0,00094295	0,00108149
3,975	0,00069193	0,00142453
3,945	0,00103042	0,0013452
3,915	0,00129791	0,00198903
3,885	0,02315944	0,02310923
3,855	0,00646075	0,00570218
3,825	0,00424854	0,00327097
3,795	0,01422468	0,00415758
3,765	0,0048759	0,00708549
3,735	0,00397912	0,00482793
3,705	0,00202254	0,00288867
3,675	0,06752202	0,08423073
3,645	0,01948847	0,02414356
3,615	0,00139345	0,00120692
3,585	0,00272853	0,00307811
3,555	0,00226444	0,00228522
3,525	0,00125865	0,0020021
3,495	0,00120243	0,00091596
3,465	0,0013911	0,00156715
3,435	0,00337704	0,00364811
3,405	0,0049397	0,0049046
3,375	0,16824212	0,13422687
3,345	0,00624732	0,00682866
3,315	0,00014465	0,0001258
3,285	0,00107905	0,00080641
3,255	0,00036515	0,00046211
3,225	0,00054525	0,00021009
3,195	0,01660759	0,01608231
3,165	0,00491006	0,004536
3,135	0,00148698	0,00340479
3,105	0,00034776	0,00029372
3,075	0,00011812	0,00008755
3,045	0,00023512	0,00019683
3,015	0,00281127	0,00320925
2,985	0,00352635	0,00369913
2,955	0,00004695	0,00004006
2,925	0,00010736	0,00017213
2,895	0,00607465	0,00598634
2,865	0,00080382	0,00111178
2,835	0,00025619	0,0002482
2,805	0,00389128	0,00383273
2,775	0,00249154	0,00259406
2,745	0,00073291	0,00030255
2,715	0,00562057	0,00520206
2,685	0,01335548	0,01110276
2,655	0,00388264	0,00308454
2,625	0,00033204	0,0003895
2,595	0,00150552	0,00137303
2,565	0,03422849	0,03563557
2,535	0,00120583	0,00223211
2,505	0,03981524	0,03967107
2,475	0,0096734	0,00762363
2,445	0,00715991	0,00520239
2,415	0,00094444	0,00136818
2,385	0,00059837	0,00063885
2,355	0,0006003	0,0027131
2,325	0,00098476	0,00124946
2,295	0,00211935	0,0019993
2,265	0,00104891	0,0011636
2,235	0,00365859	0,00330139
2,205	0,00540743	0,00123206
2,175	0,00790346	0,00408011
2,145	0,00379807	0,00432635
2,115	0,00240168	0,00328606
2,085	0,00339693	0,00365156
2,055	0,00755484	0,00636825
2,025	0,02455335	0,02412835
1,995	0,00707385	0,00315099
1,965	0,00235473	0,0006321
1,935	0,75429231	0,02168552
1,905	0,0087719	0,00176178
1,875	0,00186869	0,00293897
1,845	0,00490485	0,00083164
1,815	0,00019253	0,00032112
1,785	0,00033818	0,00049175
1,755	0,00031515	0,00029608
1,725	0,00024774	0,00040951
1,695	0,00055468	0,00046075
1,665	0,00046899	0,00032531
1,635	0,00153791	0,00076784
1,605	0,00129477	0,00050114
1,575	0,00100234	0,00074238
1,545	0,0022708	0,00162694
1,515	0,00175669	0,00042038
1,485	0,00078606	0,00057628
1,455	0,00186187	0,0011791
1,425	0,00093976	0,00038177
1,395	0,0024266	0,00174251
1,365	0,00111628	0,00110996
1,335	0,00152067	0,00153126
1,305	0,00101784	0,00116885
1,275	0,00128784	0,00099434
1,245	0,03793824	0,00346615
1,215	0,03946674	0,00449304
1,185	0,12923917	0,16226048
1,155	0,00665994	0,00121915
1,125	0,00055509	0,0006309
1,095	0,00094164	0,00095493
1,065	0,0128078	0,00228853
1,035	0,00031346	0,00038591
1,005	0,00093999	0,00060216
0,975	0,00087179	0,00110609
0,945	0,0041938	0,00207173
0,915	0,00896753	0,00429008
0,885	0,00621287	0,00476725
0,855	0,00125014	0,00160674
0,825	0,00022407	0,00012084
0,795	0,00041919	0,00008003
0,765	0,00051279	0,00014733
0,735	0,0014525	0,0015421
0,705	0,00017252	0,00029575
0,675	0,00028541	0,0000894
0,645	0,00028921	0,00019041
0,615	0,00008614	0,0000927
0,585	0,00027946	0,00031062
0,555	0,00015925	0,00014721
0,525	0,00019108	0,00010843
0,495	0,00026929	0,00010416
0,465	0,00022142	0,00009443
0,435	0,00025005	0,00013813
0,405	0,00005867	0,00021024
8,985	0,00031821	0,00018027
8,955	0,00025749	0,00019085
8,925	0,00031411	0,000126
8,895	0,0004599	0,00016405
8,865	0,00026471	0,00013772
8,835	0,00033592	0,00033721
8,805	0,00037086	0,00015471
8,775	0,00053499	0,0001457
8,745	0,00019642	0,00009971
8,715	0,00041956	0,00020478
8,685	0,00023389	0,00030014
8,655	0,00028893	0,00015258
8,625	0,00041641	0,00010405
8,595	0,00028333	0,00012688
8,565	0,00070771	0,00048336
8,535	0,00015077	0,00014709
8,505	0,0003038	0,00004634
8,475	0,00081749	0,00000815
8,445	0,07655142	0,087331
8,415	0,00091822	0,00165345
8,385	0,00064047	0,00118568
8,355	0,00056199	0,0007884
8,325	0,00087582	0,00146047
8,295	0,00053896	0,00096877
8,265	0,00094079	0,00134939
8,235	0,00050637	0,0008265
8,205	0,00176561	0,00045033
8,175	0,00099556	0,00095068
8,145	0,00162961	0,00162682
8,115	0,00118455	0,0012908
8,085	0,00579873	0,00552842
8,055	0,01121557	0,01175792
8,025	0,00099051	0,0012454
7,995	0,00062507	0,00059401
7,965	0,00104274	0,00150902
7,935	0,00056647	0,00111376
7,905	0,00052714	0,00046116
7,875	0,00067695	0,00072545
7,845	0,00046268	0,00083936
7,815	0,00086361	0,00107501
7,785	0,00092438	0,0008512
7,755	0,00059843	0,00086601
7,725	0,00068066	0,00047382
7,695	0,00094755	0,00055364
7,665	0,00049935	0,00065942
7,635	0,00089883	0,00084503
7,605	0,00096118	0,00060316
7,575	0,00080149	0,00026878
7,545	0,00259161	0,00536094
7,515	0,00073923	0,00106141
7,485	0,00056248	0,00090662
7,455	0,00065439	0,0008434
7,425	0,00094997	0,00074374
7,395	0,0006644	0,00066419
7,365	0,0012353	0,00159629
7,335	0,00065853	0,00105745
7,305	0,00087338	0,00087138
7,275	0,00091868	0,00119683
7,245	0,00088015	0,00039667
7,215	0,00058522	0,00070392
7,185	0,000514	0,00066334
7,155	0,00090111	0,00050362
7,125	0,00062739	0,00081744
7,095	0,00064159	0,00046192
7,065	0,00053748	0,00035886
7,035	0,00049254	0,00043829
7,005	0,00052298	0,00035477
6,975	0,00031985	0,00029041
6,945	0,00049146	0,00035981
6,915	0,00082927	0,00168585
6,885	0,00079156	0,00055589
6,855	0,0006158	0,0003494
6,825	0,00063444	0,00067917
6,795	0,00075272	0,00047361
6,765	0,00092379	0,00095911
6,735	0,00045225	0,00024704
6,705	0,00044007	0,00014361
6,675	0,00026198	0,0001654
6,645	0,00021754	0,00017243
6,615	0,00037155	0,0002008
6,585	0,00036138	0,0004281
6,555	0,00039047	0,0000727
6,525	0,00028864	0,00021151
6,495	0,00031211	0,0001901
6,465	0,00131333	0,0006827
6,435	0,00224085	0,00076198
6,405	0,00051387	0,00010653
6,375	0,00031497	0,00017356
6,345	0,00044712	0,00018659
6,315	0,00012598	0,00021664
6,285	0,00019135	0,00005014
6,255	0,0000871	0,00004228
6,225	0,00036249	0,00017813
6,195	0,0274251	0,02088159
6,165	0,00019142	0,00012117
6,135	0,00018115	0,00013896
6,105	0,00017963	0,00004292
6,075	0,00011896	0,00004398
6,045	0,00021525	0,00041678
6,015	0,00049409	0,00062695
5,985	0,00021269	0,00000409
5,955	0,00037088	0,00031739
5,925	0,00034829	0,00029392
5,895	0,00005671	0,00005744
5,865	0,00017313	0,00000946
5,835	0,00040384	0,00004413
5,805	0,0018502	0,00403195
5,775	0,00017559	0,00000118
5,745	0,00013129	0,00000081
5,715	0,00013112	0,00001868
5,685	0,00017876	0
5,655	0,00056762	0,00000764
5,625	0,0005831	0,00006112
5,595	0,00002998	0,00000026
5,565	0,00021376	0,0000988
5,535	0,00084467	0,0002106
5,505	0,00073869	0,00052675
5,475	0,00071133	0,00019597
5,445	0,01385956	0,0077854
5,415	0,00046635	0,00020958
5,385	0,00047261	0,00028638
5,355	0,00099766	0,00028017
5,325	0,00064027	0,00029392
5,295	0,00058845	0,00028523
5,265	0,00080296	0,00038931
5,235	0,00398193	0,00673046
5,205	0,00056089	0,0003475
5,175	0,00103035	0,00036434
5,145	0,0004449	0,00052624
5,115	0,00119722	0,00029286
5,085	0	0
5,055	0	0
5,025	0	0
4,995	0	0
4,965	0	0
4,935	0	0
4,905	0	0
4,875	0	0
4,845	0	0
4,815	0	0
4,785	0	0
4,755	0	0
4,725	0	0
4,695	0,00017748	0,00027507
4,665	0,00008509	0,00004981
4,635	0,00001441	0,00003018
4,605	0,00044451	0,00030608
4,575	0,00045369	0,00023438
4,545	0	0,00001604
4,515	0,00000097	0,00028147
4,485	0,00000498	0,00000424
4,455	0,00005163	0,00003437
4,425	0	0
4,395	0,00360494	0,00399489
4,365	0,00004828	0,0001459
4,335	0,00000179	0,00006481
4,305	0,00001964	0,00005471
4,275	0,00030302	0,00025615
4,245	0,00629107	0,00512146
4,215	0,00184155	0,00239055
4,185	0,00022748	0,00034255
4,155	0,0009311	0,00128583
4,125	0,00463471	0,00443651
4,095	0,0006886	0,00088379
4,065	0,00020644	0,0004065
4,035	0,00195225	0,00352908
4,005	0,00086455	0,00158451
3,975	0,00057996	0,00129094
3,945	0,00078818	0,00129782
3,915	0,00120814	0,00157082
3,885	0,02289156	0,02315417
3,855	0,00644291	0,00529334
3,825	0,00445547	0,00337838
3,795	0,01377365	0,00374082
3,765	0,00391224	0,00576675
3,735	0,00405773	0,00474431
3,705	0,00157487	0,00115103
3,675	0,0941474	0,08970954
3,645	0,02559658	0,02665404
3,615	0,00073213	0,002714
3,585	0,00294178	0,00382462
3,555	0,0024457	0,0024767
3,525	0,00154715	0,00168234
3,495	0,00094596	0,00109143
3,465	0,00116079	0,00147387
3,435	0,00324969	0,00335513
3,405	0,00479284	0,00433313
3,375	0,19687841	0,22018793
3,345	0,00773062	0,01220238
3,315	0,00008447	0,0007112
3,285	0,0012134	0,00183691
3,255	0,00033237	0,00052629
3,225	0,00021512	0,00089023
3,195	0,01642653	0,01634595
3,165	0,00468189	0,00491383
3,135	0,00166367	0,0027255
3,105	0,00012073	0,00006367
3,075	0,0001617	0,00004433
3,045	0,00020911	0,00010613
3,015	0,00269523	0,00174252
2,985	0,00319712	0,00257661
2,955	0,00011199	0,00008577
2,925	0,00016296	0,00014274
2,895	0,00566089	0,00602262
2,865	0,00089567	0,00117936
2,835	0,00023911	0,00003601
2,805	0,00348692	0,00279453
2,775	0,00222347	0,00195161
2,745	0,00055035	0,00021801
2,715	0,0056191	0,00500521
2,685	0,01350834	0,01184509
2,655	0,00330379	0,00317035
2,625	0,00038018	0,00037356
2,595	0,0016101	0,00155637
2,565	0,03513186	0,03595233
2,535	0,0019862	0,00255105
2,505	0,03924882	0,03909437
2,475	0,00982477	0,00832519
2,445	0,00712295	0,00552179
2,415	0,00058525	0,00076113
2,385	0,00085082	0,00047629
2,355	0,000545	0,00069152
2,325	0,00072386	0,00058774
2,295	0,00270226	0,00204631
2,265	0,00099763	0,0010329
2,235	0,0036559	0,00394927
2,205	0,00468962	0,00124268
2,175	0,00732679	0,00353456
2,145	0,00370783	0,00381371
2,115	0,00230079	0,00196507
2,085	0,00276556	0,00365998
2,055	0,00798959	0,00913144
2,025	0,02277987	0,02272824
1,995	0,00539025	0,00278983
1,965	0,00112769	0,00058815
1,935	0,5278446	0,00253811
1,905	0,00770585	0,00071809
1,875	0,00240602	0,00296185
1,845	0,00370553	0,00086507
1,815	0,0006058	0,00026139
1,785	0,00066126	0,0002538
1,755	0,0004752	0,00013796
1,725	0,00062074	0,00024252
1,695	0,00027271	0,00035104
1,665	0,0002354	0,00026533
1,635	0,00173506	0,00048934
1,605	0,00132914	0,00051726
1,575	0,00132295	0,00126159
1,545	0,0026041	0,00209516
1,515	0,00150735	0,00034538
1,485	0,00092634	0,00026301
1,455	0,00154559	0,000949
1,425	0,00074551	0,00029784
1,395	0,00218155	0,00144541
1,365	0,00125068	0,00097421
1,335	0,00154299	0,0015919
1,305	0,00123043	0,00112957
1,275	0,00152982	0,00082048
1,245	0,03646852	0,00298162
1,215	0,03732645	0,00428127
1,185	0,18359514	0,17566697
1,155	0,00619075	0,00123132
1,125	0,00113517	0,00068496
1,095	0,00169506	0,00112407
1,065	0,01206613	0,00147997
1,035	0,00049834	0,00017849
1,005	0,00095937	0,00060035
0,975	0,00087402	0,00063076
0,945	0,00429541	0,0022715
0,915	0,00919733	0,00485502
0,885	0,00631212	0,00491365
0,855	0,00146303	0,00144051
0,825	0,0002561	0,00007949
0,795	0,00026968	0,00016316
0,765	0,00025636	0,00017984
0,735	0,0017308	0,00145398
0,705	0,00015967	0,00005933
0,675	0,00021516	0,00006012
0,645	0,00016757	0,00011018
0,615	0,00015339	0,0001032
0,585	0,00019311	0,00002432
0,555	0,00021193	0,00003231
0,525	0,00015991	0,000041
0,495	0,0002114	0,00004467
0,465	0,00012726	0,00018133
0,435	0,0002063	0,00009205
0,405	0,00010262	0,0000555
